<?xml version='1.0' encoding='UTF-8'?>
<puzzledefinition name="geared_mixup_algs">
  <points>
    <point size="4.0">
      <coords x="-0.8585786437626903" y="-0.8585786437626903" z="1.0"/>
      <color r="0.8784313725490196" g="0.8784313725490196" b="0.8784313725490196"/>
    </point>
    <point size="4.0">
      <coords x="-1.0" y="-0.8585786437626904" z="0.8585786437626904"/>
      <color r="0.2" g="0.2" b="1.0"/>
    </point>
    <point size="4.0">
      <coords x="0.8585786437626903" y="-1.0" z="0.8585786437626903"/>
      <color r="1.0" g="0.65" b="0.0"/>
    </point>
    <point size="4.0">
      <coords x="1.0" y="-0.8585786437626903" z="0.8585786437626903"/>
      <color r="0.4" g="0.8" b="0.0"/>
    </point>
    <point size="4.0">
      <coords x="0.8585786437626904" y="-0.8585786437626904" z="1.0"/>
      <color r="0.8784313725490196" g="0.8784313725490196" b="0.8784313725490196"/>
    </point>
    <point size="4.0">
      <coords x="-0.8585786437626904" y="-1.0" z="0.8585786437626904"/>
      <color r="1.0" g="0.65" b="0.0"/>
    </point>
    <point size="4.0">
      <coords x="-0.8585786437626904" y="-1.0" z="-0.8585786437626904"/>
      <color r="1.0" g="0.65" b="0.0"/>
    </point>
    <point size="4.0">
      <coords x="-1.0" y="-0.8585786437626903" z="-0.8585786437626903"/>
      <color r="0.2" g="0.2" b="1.0"/>
    </point>
    <point size="4.0">
      <coords x="-0.8585786437626904" y="-0.8585786437626904" z="-1.0"/>
      <color r="1.0" g="0.8431372549019608" b="0.0"/>
    </point>
    <point size="4.0">
      <coords x="-0.8585786437626904" y="0.8585786437626904" z="-1.0"/>
      <color r="1.0" g="0.8431372549019608" b="0.0"/>
    </point>
    <point size="4.0">
      <coords x="-1.0" y="0.8585786437626903" z="-0.8585786437626903"/>
      <color r="0.2" g="0.2" b="1.0"/>
    </point>
    <point size="4.0">
      <coords x="-0.8585786437626903" y="1.0" z="-0.8585786437626903"/>
      <color r="1.0" g="0.0" b="0.0"/>
    </point>
    <point size="4.0">
      <coords x="0.8585786437626903" y="0.8585786437626903" z="-1.0"/>
      <color r="1.0" g="0.8431372549019608" b="0.0"/>
    </point>
    <point size="4.0">
      <coords x="0.8585786437626904" y="1.0" z="-0.8585786437626904"/>
      <color r="1.0" g="0.0" b="0.0"/>
    </point>
    <point size="4.0">
      <coords x="1.0" y="0.8585786437626904" z="-0.8585786437626904"/>
      <color r="0.4" g="0.8" b="0.0"/>
    </point>
    <point size="4.0">
      <coords x="-0.8585786437626903" y="1.0" z="0.8585786437626903"/>
      <color r="1.0" g="0.0" b="0.0"/>
    </point>
    <point size="4.0">
      <coords x="-1.0" y="0.8585786437626904" z="0.8585786437626904"/>
      <color r="0.2" g="0.2" b="1.0"/>
    </point>
    <point size="4.0">
      <coords x="-0.8585786437626903" y="0.8585786437626903" z="1.0"/>
      <color r="0.8784313725490196" g="0.8784313725490196" b="0.8784313725490196"/>
    </point>
    <point size="4.0">
      <coords x="1.0" y="0.8585786437626903" z="0.8585786437626903"/>
      <color r="0.4" g="0.8" b="0.0"/>
    </point>
    <point size="4.0">
      <coords x="0.8585786437626904" y="1.0" z="0.8585786437626904"/>
      <color r="1.0" g="0.0" b="0.0"/>
    </point>
    <point size="4.0">
      <coords x="0.8585786437626904" y="0.8585786437626904" z="1.0"/>
      <color r="0.8784313725490196" g="0.8784313725490196" b="0.8784313725490196"/>
    </point>
    <point size="4.0">
      <coords x="0.8585786437626903" y="-0.8585786437626903" z="-1.0"/>
      <color r="1.0" g="0.8431372549019608" b="0.0"/>
    </point>
    <point size="4.0">
      <coords x="1.0" y="-0.8585786437626904" z="-0.8585786437626904"/>
      <color r="0.4" g="0.8" b="0.0"/>
    </point>
    <point size="4.0">
      <coords x="0.8585786437626903" y="-1.0" z="-0.8585786437626903"/>
      <color r="1.0" g="0.65" b="0.0"/>
    </point>
    <point size="4.0">
      <coords x="-0.14142135623730953" y="0.14142135623730953" z="1.0"/>
      <color r="0.8784313725490196" g="0.8784313725490196" b="0.8784313725490196"/>
    </point>
    <point size="4.0">
      <coords x="0.1414213562373095" y="-0.1414213562373095" z="1.0"/>
      <color r="0.8784313725490196" g="0.8784313725490196" b="0.8784313725490196"/>
    </point>
    <point size="4.0">
      <coords x="-0.14142135623730953" y="-0.14142135623730953" z="1.0"/>
      <color r="0.8784313725490196" g="0.8784313725490196" b="0.8784313725490196"/>
    </point>
    <point size="4.0">
      <coords x="0.1414213562373095" y="0.1414213562373095" z="1.0"/>
      <color r="0.8784313725490196" g="0.8784313725490196" b="0.8784313725490196"/>
    </point>
    <point size="4.0">
      <coords x="1.0" y="0.14142135623730953" z="0.14142135623730953"/>
      <color r="0.4" g="0.8" b="0.0"/>
    </point>
    <point size="4.0">
      <coords x="1.0" y="-0.1414213562373095" z="-0.1414213562373095"/>
      <color r="0.4" g="0.8" b="0.0"/>
    </point>
    <point size="4.0">
      <coords x="1.0" y="-0.14142135623730953" z="0.14142135623730953"/>
      <color r="0.4" g="0.8" b="0.0"/>
    </point>
    <point size="4.0">
      <coords x="1.0" y="0.1414213562373095" z="-0.1414213562373095"/>
      <color r="0.4" g="0.8" b="0.0"/>
    </point>
    <point size="4.0">
      <coords x="-1.0" y="0.14142135623730953" z="-0.14142135623730953"/>
      <color r="0.2" g="0.2" b="1.0"/>
    </point>
    <point size="4.0">
      <coords x="-1.0" y="-0.1414213562373095" z="0.1414213562373095"/>
      <color r="0.2" g="0.2" b="1.0"/>
    </point>
    <point size="4.0">
      <coords x="-1.0" y="-0.14142135623730953" z="-0.14142135623730953"/>
      <color r="0.2" g="0.2" b="1.0"/>
    </point>
    <point size="4.0">
      <coords x="-1.0" y="0.1414213562373095" z="0.1414213562373095"/>
      <color r="0.2" g="0.2" b="1.0"/>
    </point>
    <point size="4.0">
      <coords x="-0.14142135623730953" y="1.0" z="0.14142135623730953"/>
      <color r="1.0" g="0.0" b="0.0"/>
    </point>
    <point size="4.0">
      <coords x="0.1414213562373095" y="1.0" z="-0.1414213562373095"/>
      <color r="1.0" g="0.0" b="0.0"/>
    </point>
    <point size="4.0">
      <coords x="-0.14142135623730953" y="1.0" z="-0.14142135623730953"/>
      <color r="1.0" g="0.0" b="0.0"/>
    </point>
    <point size="4.0">
      <coords x="0.1414213562373095" y="1.0" z="0.1414213562373095"/>
      <color r="1.0" g="0.0" b="0.0"/>
    </point>
    <point size="4.0">
      <coords x="0.14142135623730953" y="-1.0" z="-0.14142135623730953"/>
      <color r="1.0" g="0.65" b="0.0"/>
    </point>
    <point size="4.0">
      <coords x="-0.1414213562373095" y="-1.0" z="0.1414213562373095"/>
      <color r="1.0" g="0.65" b="0.0"/>
    </point>
    <point size="4.0">
      <coords x="0.14142135623730953" y="-1.0" z="0.14142135623730953"/>
      <color r="1.0" g="0.65" b="0.0"/>
    </point>
    <point size="4.0">
      <coords x="-0.1414213562373095" y="-1.0" z="-0.1414213562373095"/>
      <color r="1.0" g="0.65" b="0.0"/>
    </point>
    <point size="4.0">
      <coords x="0.14142135623730953" y="-0.14142135623730953" z="-1.0"/>
      <color r="1.0" g="0.8431372549019608" b="0.0"/>
    </point>
    <point size="4.0">
      <coords x="-0.1414213562373095" y="0.1414213562373095" z="-1.0"/>
      <color r="1.0" g="0.8431372549019608" b="0.0"/>
    </point>
    <point size="4.0">
      <coords x="0.14142135623730953" y="0.14142135623730953" z="-1.0"/>
      <color r="1.0" g="0.8431372549019608" b="0.0"/>
    </point>
    <point size="4.0">
      <coords x="-0.1414213562373095" y="-0.1414213562373095" z="-1.0"/>
      <color r="1.0" g="0.8431372549019608" b="0.0"/>
    </point>
    <point size="4.0">
      <coords x="0.14142135623730953" y="-0.8071067811865476" z="-0.6071067811865475"/>
      <color r="1.0" g="0.65" b="0.0"/>
    </point>
    <point size="4.0">
      <coords x="-0.1414213562373095" y="-0.8071067811865476" z="-0.6071067811865475"/>
      <color r="1.0" g="0.65" b="0.0"/>
    </point>
    <point size="4.0">
      <coords x="-0.6071067811865475" y="-0.8071067811865476" z="0.14142135623730953"/>
      <color r="1.0" g="0.65" b="0.0"/>
    </point>
    <point size="4.0">
      <coords x="-0.6071067811865475" y="-0.8071067811865476" z="-0.14142135623730953"/>
      <color r="1.0" g="0.65" b="0.0"/>
    </point>
    <point size="4.0">
      <coords x="0.6071067811865475" y="-0.8071067811865476" z="0.1414213562373095"/>
      <color r="1.0" g="0.65" b="0.0"/>
    </point>
    <point size="4.0">
      <coords x="0.6071067811865475" y="-0.8071067811865476" z="-0.1414213562373095"/>
      <color r="1.0" g="0.65" b="0.0"/>
    </point>
    <point size="4.0">
      <coords x="0.14142135623730953" y="-0.8071067811865476" z="0.6071067811865475"/>
      <color r="1.0" g="0.65" b="0.0"/>
    </point>
    <point size="4.0">
      <coords x="-0.1414213562373095" y="-0.8071067811865476" z="0.6071067811865475"/>
      <color r="1.0" g="0.65" b="0.0"/>
    </point>
    <point size="4.0">
      <coords x="0.8071067811865476" y="0.14142135623730953" z="-0.6071067811865475"/>
      <color r="0.4" g="0.8" b="0.0"/>
    </point>
    <point size="4.0">
      <coords x="0.8071067811865476" y="-0.14142135623730953" z="-0.6071067811865475"/>
      <color r="0.4" g="0.8" b="0.0"/>
    </point>
    <point size="4.0">
      <coords x="0.8071067811865476" y="-0.6071067811865475" z="0.14142135623730953"/>
      <color r="0.4" g="0.8" b="0.0"/>
    </point>
    <point size="4.0">
      <coords x="0.8071067811865476" y="-0.6071067811865475" z="-0.1414213562373095"/>
      <color r="0.4" g="0.8" b="0.0"/>
    </point>
    <point size="4.0">
      <coords x="0.8071067811865476" y="0.6071067811865475" z="-0.1414213562373095"/>
      <color r="0.4" g="0.8" b="0.0"/>
    </point>
    <point size="4.0">
      <coords x="0.8071067811865476" y="0.6071067811865475" z="0.14142135623730953"/>
      <color r="0.4" g="0.8" b="0.0"/>
    </point>
    <point size="4.0">
      <coords x="0.8071067811865476" y="-0.1414213562373095" z="0.6071067811865475"/>
      <color r="0.4" g="0.8" b="0.0"/>
    </point>
    <point size="4.0">
      <coords x="0.8071067811865476" y="0.1414213562373095" z="0.6071067811865475"/>
      <color r="0.4" g="0.8" b="0.0"/>
    </point>
    <point size="4.0">
      <coords x="0.1414213562373095" y="0.8071067811865476" z="0.6071067811865475"/>
      <color r="1.0" g="0.0" b="0.0"/>
    </point>
    <point size="4.0">
      <coords x="-0.14142135623730953" y="0.8071067811865476" z="0.6071067811865475"/>
      <color r="1.0" g="0.0" b="0.0"/>
    </point>
    <point size="4.0">
      <coords x="-0.14142135623730953" y="0.8071067811865476" z="-0.6071067811865475"/>
      <color r="1.0" g="0.0" b="0.0"/>
    </point>
    <point size="4.0">
      <coords x="0.1414213562373095" y="0.8071067811865476" z="-0.6071067811865475"/>
      <color r="1.0" g="0.0" b="0.0"/>
    </point>
    <point size="4.0">
      <coords x="-0.6071067811865475" y="0.8071067811865476" z="-0.1414213562373095"/>
      <color r="1.0" g="0.0" b="0.0"/>
    </point>
    <point size="4.0">
      <coords x="-0.6071067811865475" y="0.8071067811865476" z="0.1414213562373095"/>
      <color r="1.0" g="0.0" b="0.0"/>
    </point>
    <point size="4.0">
      <coords x="0.6071067811865475" y="0.8071067811865476" z="0.14142135623730953"/>
      <color r="1.0" g="0.0" b="0.0"/>
    </point>
    <point size="4.0">
      <coords x="0.6071067811865475" y="0.8071067811865476" z="-0.14142135623730953"/>
      <color r="1.0" g="0.0" b="0.0"/>
    </point>
    <point size="4.0">
      <coords x="-0.8071067811865476" y="-0.1414213562373095" z="-0.6071067811865475"/>
      <color r="0.2" g="0.2" b="1.0"/>
    </point>
    <point size="4.0">
      <coords x="-0.8071067811865476" y="0.1414213562373095" z="-0.6071067811865475"/>
      <color r="0.2" g="0.2" b="1.0"/>
    </point>
    <point size="4.0">
      <coords x="-0.8071067811865476" y="0.14142135623730953" z="0.6071067811865475"/>
      <color r="0.2" g="0.2" b="1.0"/>
    </point>
    <point size="4.0">
      <coords x="-0.8071067811865476" y="-0.14142135623730953" z="0.6071067811865475"/>
      <color r="0.2" g="0.2" b="1.0"/>
    </point>
    <point size="4.0">
      <coords x="-0.8071067811865476" y="-0.6071067811865475" z="0.1414213562373095"/>
      <color r="0.2" g="0.2" b="1.0"/>
    </point>
    <point size="4.0">
      <coords x="-0.8071067811865476" y="-0.6071067811865475" z="-0.14142135623730953"/>
      <color r="0.2" g="0.2" b="1.0"/>
    </point>
    <point size="4.0">
      <coords x="-0.8071067811865476" y="0.6071067811865475" z="0.1414213562373095"/>
      <color r="0.2" g="0.2" b="1.0"/>
    </point>
    <point size="4.0">
      <coords x="-0.8071067811865476" y="0.6071067811865475" z="-0.14142135623730953"/>
      <color r="0.2" g="0.2" b="1.0"/>
    </point>
    <point size="4.0">
      <coords x="0.6071067811865475" y="-0.14142135623730953" z="0.8071067811865476"/>
      <color r="0.8784313725490196" g="0.8784313725490196" b="0.8784313725490196"/>
    </point>
    <point size="4.0">
      <coords x="0.6071067811865475" y="0.14142135623730953" z="0.8071067811865476"/>
      <color r="0.8784313725490196" g="0.8784313725490196" b="0.8784313725490196"/>
    </point>
    <point size="4.0">
      <coords x="-0.6071067811865475" y="0.1414213562373095" z="0.8071067811865476"/>
      <color r="0.8784313725490196" g="0.8784313725490196" b="0.8784313725490196"/>
    </point>
    <point size="4.0">
      <coords x="-0.6071067811865475" y="-0.1414213562373095" z="0.8071067811865476"/>
      <color r="0.8784313725490196" g="0.8784313725490196" b="0.8784313725490196"/>
    </point>
    <point size="4.0">
      <coords x="0.1414213562373095" y="-0.6071067811865475" z="0.8071067811865476"/>
      <color r="0.8784313725490196" g="0.8784313725490196" b="0.8784313725490196"/>
    </point>
    <point size="4.0">
      <coords x="-0.14142135623730953" y="-0.6071067811865475" z="0.8071067811865476"/>
      <color r="0.8784313725490196" g="0.8784313725490196" b="0.8784313725490196"/>
    </point>
    <point size="4.0">
      <coords x="0.1414213562373095" y="0.6071067811865475" z="0.8071067811865476"/>
      <color r="0.8784313725490196" g="0.8784313725490196" b="0.8784313725490196"/>
    </point>
    <point size="4.0">
      <coords x="-0.14142135623730953" y="0.6071067811865475" z="0.8071067811865476"/>
      <color r="0.8784313725490196" g="0.8784313725490196" b="0.8784313725490196"/>
    </point>
    <point size="4.0">
      <coords x="-0.6071067811865475" y="0.14142135623730953" z="-0.8071067811865476"/>
      <color r="1.0" g="0.8431372549019608" b="0.0"/>
    </point>
    <point size="4.0">
      <coords x="-0.6071067811865475" y="-0.14142135623730953" z="-0.8071067811865476"/>
      <color r="1.0" g="0.8431372549019608" b="0.0"/>
    </point>
    <point size="4.0">
      <coords x="0.6071067811865475" y="0.1414213562373095" z="-0.8071067811865476"/>
      <color r="1.0" g="0.8431372549019608" b="0.0"/>
    </point>
    <point size="4.0">
      <coords x="0.6071067811865475" y="-0.1414213562373095" z="-0.8071067811865476"/>
      <color r="1.0" g="0.8431372549019608" b="0.0"/>
    </point>
    <point size="4.0">
      <coords x="0.14142135623730953" y="-0.6071067811865475" z="-0.8071067811865476"/>
      <color r="1.0" g="0.8431372549019608" b="0.0"/>
    </point>
    <point size="4.0">
      <coords x="-0.1414213562373095" y="-0.6071067811865475" z="-0.8071067811865476"/>
      <color r="1.0" g="0.8431372549019608" b="0.0"/>
    </point>
    <point size="4.0">
      <coords x="0.14142135623730953" y="0.6071067811865475" z="-0.8071067811865476"/>
      <color r="1.0" g="0.8431372549019608" b="0.0"/>
    </point>
    <point size="4.0">
      <coords x="-0.1414213562373095" y="0.6071067811865475" z="-0.8071067811865476"/>
      <color r="1.0" g="0.8431372549019608" b="0.0"/>
    </point>
  </points>
  <moves>
    <move name="r">
      <cycle>39, 36, 38, 37</cycle>
      <cycle>64, 69, 66, 71</cycle>
      <cycle>65, 68, 67, 70</cycle>
      <cycle>87, 79, 94, 61</cycle>
      <cycle>86, 78, 95, 60</cycle>
      <cycle>10, 12, 18, 17</cycle>
      <cycle>16, 9, 14, 20</cycle>
      <cycle>15, 11, 13, 19</cycle>
      <cycle>63, 26, 82, 34, 73, 44, 90, 30</cycle>
      <cycle>62, 24, 83, 32, 72, 46, 91, 28</cycle>
      <cycle>81, 25, 74, 33, 88, 47, 56, 29</cycle>
      <cycle>31, 80, 27, 75, 35, 89, 45, 57</cycle>
    </move>
    <move name="r'">
      <cycle>37, 38, 36, 39</cycle>
      <cycle>71, 66, 69, 64</cycle>
      <cycle>70, 67, 68, 65</cycle>
      <cycle>61, 94, 79, 87</cycle>
      <cycle>60, 95, 78, 86</cycle>
      <cycle>17, 18, 12, 10</cycle>
      <cycle>20, 14, 9, 16</cycle>
      <cycle>19, 13, 11, 15</cycle>
      <cycle>30, 90, 44, 73, 34, 82, 26, 63</cycle>
      <cycle>28, 91, 46, 72, 32, 83, 24, 62</cycle>
      <cycle>29, 56, 47, 88, 33, 74, 25, 81</cycle>
      <cycle>57, 45, 89, 35, 75, 27, 80, 31</cycle>
    </move>
    <move name="t">
      <cycle>28, 53, 42, 77, 33, 68, 36, 60</cycle>
      <cycle>31, 52, 40, 76, 34, 69, 38, 61</cycle>
      <cycle>71, 30, 59, 41, 51, 35, 79, 39</cycle>
      <cycle>70, 29, 58, 43, 50, 32, 78, 37</cycle>
      <cycle>17, 20, 4, 0</cycle>
      <cycle>15, 18, 2, 1</cycle>
      <cycle>16, 19, 3, 5</cycle>
      <cycle>26, 24, 27, 25</cycle>
      <cycle>82, 86, 80, 85</cycle>
      <cycle>83, 87, 81, 84</cycle>
      <cycle>74, 64, 62, 55</cycle>
      <cycle>75, 65, 63, 54</cycle>
    </move>
    <move name="t'">
      <cycle>60, 36, 68, 33, 77, 42, 53, 28</cycle>
      <cycle>61, 38, 69, 34, 76, 40, 52, 31</cycle>
      <cycle>39, 79, 35, 51, 41, 59, 30, 71</cycle>
      <cycle>37, 78, 32, 50, 43, 58, 29, 70</cycle>
      <cycle>0, 4, 20, 17</cycle>
      <cycle>1, 2, 18, 15</cycle>
      <cycle>5, 3, 19, 16</cycle>
      <cycle>25, 27, 24, 26</cycle>
      <cycle>85, 80, 86, 82</cycle>
      <cycle>84, 81, 87, 83</cycle>
      <cycle>55, 62, 64, 74</cycle>
      <cycle>54, 63, 65, 75</cycle>
    </move>
    <move name="f">
      <cycle>62, 61, 56, 59</cycle>
      <cycle>58, 63, 60, 57</cycle>
      <cycle>52, 81, 71, 91</cycle>
      <cycle>53, 80, 70, 90</cycle>
      <cycle>30, 28, 31, 29</cycle>
      <cycle>18, 14, 22, 3</cycle>
      <cycle>20, 13, 21, 2</cycle>
      <cycle>19, 12, 23, 4</cycle>
      <cycle>87, 37, 66, 44, 93, 42, 55, 27</cycle>
      <cycle>54, 24, 86, 38, 67, 47, 92, 41</cycle>
      <cycle>84, 26, 64, 36, 94, 45, 48, 43</cycle>
      <cycle>85, 25, 65, 39, 95, 46, 49, 40</cycle>
    </move>
    <move name="f'">
      <cycle>59, 56, 61, 62</cycle>
      <cycle>57, 60, 63, 58</cycle>
      <cycle>91, 71, 81, 52</cycle>
      <cycle>90, 70, 80, 53</cycle>
      <cycle>29, 31, 28, 30</cycle>
      <cycle>3, 22, 14, 18</cycle>
      <cycle>2, 21, 13, 20</cycle>
      <cycle>4, 23, 12, 19</cycle>
      <cycle>27, 55, 42, 93, 44, 66, 37, 87</cycle>
      <cycle>41, 92, 47, 67, 38, 86, 24, 54</cycle>
      <cycle>43, 48, 45, 94, 36, 64, 26, 84</cycle>
      <cycle>40, 49, 46, 95, 39, 65, 25, 85</cycle>
    </move>
    <move name="l">
      <cycle>41, 42, 40, 43</cycle>
      <cycle>55, 52, 48, 51</cycle>
      <cycle>54, 53, 49, 50</cycle>
      <cycle>84, 59, 93, 76</cycle>
      <cycle>85, 58, 92, 77</cycle>
      <cycle>4, 22, 8, 1</cycle>
      <cycle>3, 21, 7, 0</cycle>
      <cycle>2, 23, 6, 5</cycle>
      <cycle>81, 29, 56, 47, 88, 33, 74, 25</cycle>
      <cycle>27, 80, 31, 57, 45, 89, 35, 75</cycle>
      <cycle>83, 24, 62, 28, 91, 46, 72, 32</cycle>
      <cycle>82, 26, 63, 30, 90, 44, 73, 34</cycle>
    </move>
    <move name="l'">
      <cycle>43, 40, 42, 41</cycle>
      <cycle>51, 48, 52, 55</cycle>
      <cycle>50, 49, 53, 54</cycle>
      <cycle>76, 93, 59, 84</cycle>
      <cycle>77, 92, 58, 85</cycle>
      <cycle>1, 8, 22, 4</cycle>
      <cycle>0, 7, 21, 3</cycle>
      <cycle>5, 6, 23, 2</cycle>
      <cycle>25, 74, 33, 88, 47, 56, 29, 81</cycle>
      <cycle>75, 35, 89, 45, 57, 31, 80, 27</cycle>
      <cycle>32, 72, 46, 91, 28, 62, 24, 83</cycle>
      <cycle>34, 73, 44, 90, 30, 63, 26, 82</cycle>
    </move>
    <move name="b">
      <cycle>35, 33, 34, 32</cycle>
      <cycle>74, 76, 72, 79</cycle>
      <cycle>75, 77, 73, 78</cycle>
      <cycle>83, 51, 88, 69</cycle>
      <cycle>82, 50, 89, 68</cycle>
      <cycle>1, 7, 10, 16</cycle>
      <cycle>0, 6, 9, 15</cycle>
      <cycle>5, 8, 11, 17</cycle>
      <cycle>84, 43, 48, 45, 94, 36, 64, 26</cycle>
      <cycle>85, 40, 49, 46, 95, 39, 65, 25</cycle>
      <cycle>54, 41, 92, 47, 67, 38, 86, 24</cycle>
      <cycle>27, 55, 42, 93, 44, 66, 37, 87</cycle>
    </move>
    <move name="b'">
      <cycle>32, 34, 33, 35</cycle>
      <cycle>79, 72, 76, 74</cycle>
      <cycle>78, 73, 77, 75</cycle>
      <cycle>69, 88, 51, 83</cycle>
      <cycle>68, 89, 50, 82</cycle>
      <cycle>16, 10, 7, 1</cycle>
      <cycle>15, 9, 6, 0</cycle>
      <cycle>17, 11, 8, 5</cycle>
      <cycle>26, 64, 36, 94, 45, 48, 43, 84</cycle>
      <cycle>25, 65, 39, 95, 46, 49, 40, 85</cycle>
      <cycle>24, 86, 38, 67, 47, 92, 41, 54</cycle>
      <cycle>87, 37, 66, 44, 93, 42, 55, 27</cycle>
    </move>
    <move name="d">
      <cycle>44, 46, 45, 47</cycle>
      <cycle>91, 94, 88, 93</cycle>
      <cycle>90, 95, 89, 92</cycle>
      <cycle>56, 66, 72, 48</cycle>
      <cycle>57, 67, 73, 49</cycle>
      <cycle>12, 9, 8, 21</cycle>
      <cycle>13, 10, 6, 22</cycle>
      <cycle>14, 11, 7, 23</cycle>
      <cycle>30, 71, 39, 79, 35, 51, 41, 59</cycle>
      <cycle>29, 70, 37, 78, 32, 50, 43, 58</cycle>
      <cycle>28, 60, 36, 68, 33, 77, 42, 53</cycle>
      <cycle>31, 61, 38, 69, 34, 76, 40, 52</cycle>
    </move>
    <move name="d'">
      <cycle>47, 45, 46, 44</cycle>
      <cycle>93, 88, 94, 91</cycle>
      <cycle>92, 89, 95, 90</cycle>
      <cycle>48, 72, 66, 56</cycle>
      <cycle>49, 73, 67, 57</cycle>
      <cycle>21, 8, 9, 12</cycle>
      <cycle>22, 6, 10, 13</cycle>
      <cycle>23, 7, 11, 14</cycle>
      <cycle>59, 41, 51, 35, 79, 39, 71, 30</cycle>
      <cycle>58, 43, 50, 32, 78, 37, 70, 29</cycle>
      <cycle>53, 42, 77, 33, 68, 36, 60, 28</cycle>
      <cycle>52, 40, 76, 34, 69, 38, 61, 31</cycle>
    </move>
    <move name="flip_wg">
      <cycle>63, 80</cycle>
      <cycle>62, 81</cycle>
    </move>
    <move name="flip_w_r">
      <cycle>64, 87</cycle>
      <cycle>86, 65</cycle>
    </move>
    <move name="flip_wb">
      <cycle>82, 75</cycle>
      <cycle>74, 83</cycle>
    </move>
    <move name="flip_wo">
      <cycle>84, 55</cycle>
      <cycle>85, 54</cycle>
    </move>
    <move name="flip_bo">
      <cycle>51, 76</cycle>
      <cycle>77, 50</cycle>
    </move>
    <move name="flip_br">
      <cycle>69, 79</cycle>
      <cycle>78, 68</cycle>
    </move>
    <move name="flip_go">
      <cycle>52, 59</cycle>
      <cycle>53, 58</cycle>
    </move>
    <move name="flip_gr">
      <cycle>70, 60</cycle>
      <cycle>61, 71</cycle>
    </move>
    <move name="flip_yr">
      <cycle>67, 95</cycle>
      <cycle>94, 66</cycle>
    </move>
    <move name="flip_yg">
      <cycle>57, 90</cycle>
      <cycle>91, 56</cycle>
    </move>
    <move name="flip_yo">
      <cycle>93, 48</cycle>
      <cycle>92, 49</cycle>
    </move>
    <move name="flip_yb">
      <cycle>89, 73</cycle>
      <cycle>72, 88</cycle>
    </move>
  </moves>
</puzzledefinition>
	
